0.0 0.0 1.0
1.0 0.0 0.0
0.0 1.0 0.0
0.20277194170647064 0.05628533230756068 0.7409427259859689
0.5978174603174603 0.4021825396825397 0.0
0.01 0.99 0.0
0.0 1.0 0.0
1.0 0.0 0.0
0.359920634920635 0.5499603174603174 0.09011904761904761
0.43386844636844635 0.0 0.5661315536315535
0.017546342663814503 0.7251650550732519 0.25728860226293276
0.20695002299351792 0.6379076229497032 0.1551423540567788
0.1255795487148021 0.5185434193948593 0.35587703189033915
0.5175310645707516 0.40384476299164607 0.07862417243760278
0.04038351401241733 0.8698811141970708 0.08973537179051196
0.38372205560671413 0.5444771575635255 0.07180078682976036
0.29899028203248645 0.6403522846361273 0.06065743333138621
0.004110777332000312 0.7713330718157252 0.22455615085227432
0.4089542033686536 4.0064102564102563E-4 0.5906451556057054
0.2544863595250259 0.5965409609493303 0.14897267952564375
0.41722148960699634 0.5457467639405658 0.037031746452437744
0.42365379089604555 0.44055451812358704 0.13579169098036709
0.49277882930686256 0.4738854414960857 0.03333572919705207
0.04353026222726803 0.6119398306517218 0.34452990712100995
0.39509029602515405 0.5139786601012396 0.09093104387360668
0.24895033743430042 0.3940853139268512 0.35696434863884824
0.22563980744996895 0.3921050735682925 0.38225511898173886
0.3018315843880477 0.5025416677736977 0.1956267478382548
0.4436209350190942 0.5224592737455944 0.03391979123531198
0.4707789535632602 0.4384898725521381 0.09073117388460147
0.3531615196216977 0.2953635422916571 0.35147493808664504
0.1938492585243326 0.6797945455418107 0.1263561959338568
0.004992596588131059 0.48184942117022994 0.5131579822416384
0.5539674710032578 0.2500840660613531 0.19594846293538912
0.02376681734067955 0.6673177769253623 0.3089154057339582
0.05796003866118975 0.5310597199995534 0.4109802413392569
0.029593652094605773 0.607683330967503 0.3627230169378913
0.700624296325203 0.09319813017956086 0.2061775734952359
0.7362124127481211 0.24362735331653437 0.020160233935344038
0.03640763624354536 0.905362779590349 0.05822958416610559
0.5120402086106728 0.08078802310749979 0.4071717682818279
0.18552987259892154 0.14622024700045183 0.6682498804006286
0.06486280457175723 0.2343411251943307 0.70079607023391
0.17463181592578553 0.4893080370181859 0.3360601470560289
0.005290032581206403 0.6770145137925099 0.31769545362628365
0.01545480046261908 0.25474032994185297 0.7298048695955293
0.03991951245161281 0.14222115449310357 0.8178593330552801
0.0844206766895846 0.2535645655177314 0.662014757792683
0.2713001373629883 0.07510352390322905 0.6535963387337804
0.08706094983220929 0.23396840263003138 0.6789706475377634
0.0022505356944295127 0.1572695482313114 0.8404799160742543
0.10273986239163063 0.12654234843821693 0.7707177891701474
0.0553808228951861 0.21760470450608443 0.7270144725987232
0.02168613297575515 0.2762727466707004 0.7020411203535373
0.0810593318706536 0.13231045984356007 0.7866302082857902
0.5035047628865604 0.06964415123595943 0.4268510858774754
0.0441466808956743 0.4249796542637913 0.5308736648405351
0.5281706485019916 0.4462619039107441 0.025567447587264112
0.2034059447920949 0.212321105410012 0.5842729497978956
0.4066144349134314 0.09169888491563831 0.501686680170931
0.08423070724877056 0.3597832781485557 0.5559860146026748
0.2594373734654919 0.029739940620385194 0.7108226859141284
5.2356186402570474E-5 0.5735517575202447 0.426395886293356
0.1688499208047322 0.2735070584675276 0.5576430207277414
0.3605693338782105 0.0076621473433835146 0.6317685187784129
0.060653140372839164 0.18855716945913753 0.7507896901680208
0.5516785419954123 0.18746593183134758 0.2608555261732411
0.028746121750491474 0.9321500804576649 0.03910379779184363
0.0495723479578849 0.12211540558454369 0.8283122464575724
0.6422697326726372 0.09646212052893995 0.26126814679842264
0.04971602288584994 0.19507199731838815 0.7552119797957583
0.12718976551973066 0.09010929830377307 0.7827009361764911
0.33863064987085 0.024783703310047943 0.6365856468191089
0.06489929855931575 0.39943444850951687 0.5356662529311698
0.09330704631161267 0.03896202684189174 0.8677309268464971
0.3152880925459831 0.6564694265795974 0.028242480874419718
0.07856381134950233 0.23034852066985542 0.6910876679806434
0.31196207612072513 0.03924780216283222 0.6487901217164399
0.4976942472568322 0.4504339368150895 0.05187181592807888
0.12117316668780019 0.16062556223300714 0.7182012710791867
0.06035224178227002 0.04069224959390145 0.8989555086238348
0.027666383250223064 0.2942924340615408 0.6780411826882324
0.0695242159471223 0.15977095404100747 0.770704830011885
0.16653334789286 0.17719469930792614 0.6562719527992138
0.04128851887878327 0.037334051436516 0.9213774296847081
0.07353184689197238 0.07749144104132177 0.848976712066726
0.015187706583820225 0.11808172073325471 0.8667305726829224
0.11729888831704573 0.03649294329046025 0.8462081683924952
0.17497984079887363 0.11056560656603881 0.7144545526350847
0.14286317785666083 0.10225535816292709 0.7548814639804126
0.00863702596628546 0.017255506605252838 0.9741074674284363
0.07724660178312702 0.015088804245970465 0.9076645939708942
0.009446517214679696 0.08275963047704797 0.9077938523082534
0.031417634126133576 0.06191304050084533 0.9066693253730183
0.040626827189117795 0.024131156092075525 0.9352420167188019
1.1170426784994526E-5 0.0 0.9999888295732211
2.1264199852758252E-4 1.5555498550372056E-4 0.9996318030159602
0.012401638680498732 0.22812013014887933 0.7594782311706098
0.0588955467995143 0.2721610690581174 0.668943384142369
0.999999999975 0.0 2.5E-11
